function gamma = Gamma(q3,q4,q7,q8)
                      

c11 =  1;
c12 =  0;
c13 =  0;
c14 =  0;
c21 =  0;
c22 =  1;
c23 =  0;
c24 =  0;
c31 =  0;
c32 =  0;
c33 = -q4 / (q3 ^ 2 + q4 ^ 2);
c34 =  0;
c41 =  0;
c42 =  0;
c43 =  0;
c44 =  q3 / (q3 ^ 2 + q4 ^ 2);

d51 =  1;
d52 =  0;
d53 =  0;
d54 =  0;
d61 =  0;
d62 =  1;
d63 =  0;
d64 =  0;
d71 =  0;
d72 =  0;
d73 = -q8 / (q7 ^ 2 + q8 ^ 2);
d74 =  0;
d81 =  0;
d82 =  0;
d83 =  0;
d84 =  q7 / (q7 ^ 2 + q8 ^ 2);


gamma.L11 = [c11 c12 c13 c14;
             c21 c22 c23 c24;
             c31 c32 c33 c34;
             c41 c42 c43 c44];

gamma.L22 = [d51 d52 d53 d54;
             d61 d62 d63 d64;
             d71 d72 d73 d74;
             d81 d82 d83 d84];

